[[   2.        ,    0.        ,  -24.04145793,    5.        ,
          18.        ,  211.75565721,    0.        ,    0.        ,    7.        ],
       [   2.        ,  109.4243994 ,   37.76472284,    5.        ,
          10.        ,  406.66158062,    0.        ,    0.        ,   10.        ],
       [   2.        ,  215.92272325,   24.07888436,    5.        ,
          12.        ,  544.3622991 ,    0.        ,    0.        ,   16.        ],
       [   2.        ,    0.        ,   35.64532681,    5.        ,
          12.        ,  883.75932401,    0.        ,    0.        ,   17.        ],
       [   2.        ,    0.        ,  -26.53349869,    5.        ,
          24.        ,  350.47090768,    0.        ,    0.        ,   18.        ],
       [   2.        ,   67.38576717,   -2.87263922,    6.        ,
          43.        ,  817.64223072,    0.        ,    0.        ,    8.        ],
       [   2.        ,    0.        ,  -11.77243573,    6.        ,
          23.        ,   62.41473296,    0.        ,    0.        ,   21.        ],
       [   2.        ,   52.39890424,   -2.17490981,    7.        ,
          10.        ,  903.21189981,    0.        ,    0.        ,    6.        ],
       [   2.        ,    0.        ,  -24.07710922,    7.        ,
          18.        ,  129.95233096,    0.        ,    0.        ,    7.        ],
       [   2.        ,    0.        ,   22.44511437,    7.        ,
          19.        ,  573.9822136 ,    0.        ,    0.        ,   13.        ],
       [   2.        ,    0.        ,   22.35898801,    7.        ,
          26.        ,  441.85622318,    0.        ,    0.        ,   13.        ],
       [   2.        ,    0.        ,   24.11497066,    7.        ,
          17.        ,   38.48715029,    0.        ,    0.        ,   16.        ],
       [   2.        ,  260.58415224,   32.14678766,    8.        ,
          11.        ,  508.28056866,    0.        ,    0.        ,    3.        ],
       [   2.        ,    0.        ,   22.4443528 ,    8.        ,
          19.        ,  275.3245807 ,    0.        ,    0.        ,   13.        ],
       [   2.        ,  197.75040878,   -3.14893511,    8.        ,
          10.        ,  388.00234074,    0.        ,    0.        ,   15.        ],
       [   2.        ,    0.        ,   36.08986085,   10.        ,
          22.        ,  247.99612087,    0.        ,    0.        ,    4.        ],
       [   2.        ,   52.43700915,   -2.2218798 ,   10.        ,
          15.        ,  342.39631699,    0.        ,    0.        ,    6.        ],
       [   2.        ,   64.01473517,  -24.09214404,   10.        ,
          21.        ,  837.82462846,    0.        ,    0.        ,    7.        ],
       [   2.        ,   64.06565285,  -24.0953162 ,   10.        ,
          26.        ,  975.72470256,    0.        ,    0.        ,    7.        ],
       [   2.        ,  109.37516778,   37.78008595,   10.        ,
          10.        ,  986.65584757,    0.        ,    0.        ,   10.        ],
       [   2.        ,    0.        ,  -24.0275708 ,   11.        ,
          50.        ,  348.16994004,    0.        ,    0.        ,    7.        ],
       [   2.        ,    0.        ,   37.78209292,   12.        ,
          12.        ,  427.29189738,    0.        ,    0.        ,   10.        ]]
